$ 1 0.000005 0.14549914146182014 50 5 50 5e-11
f 160 -80 208 -80 32 2 0.02
w 208 -64 208 32 0
r -272 32 -272 656 0 20000
r -272 -592 -272 32 0 20000
v -176 32 -176 -592 0 0 40 12 0 0 0.5
r 656 -288 656 -128 0 31000
w 208 32 64 32 0
w -624 32 -272 32 0
r 208 -592 208 -96 0 1000
r 208 32 208 416 0 1000
w 208 -592 -176 -592 0
f 160 432 208 432 32 2 0.02
w -176 656 -272 656 0
r 160 432 160 656 0 1000000
34 zener-11 1 1.7143528192810002e-7 0 2.0000000000000084 11 1
z 112 656 112 432 2 zener-11
w 112 432 160 432 0
34 fwdrop\q0.92-4 1 1.8800000000000003e-8 0 2.0000000000001075 400 1
d 448 -288 448 32 2 fwdrop\q0.92-4
r 656 -128 656 32 0 51
w 656 -288 448 -288 0
w 656 352 448 352 0
r 656 192 656 352 0 31000
r 656 32 656 192 0 51
r 656 32 928 32 0 10000
w -624 32 -624 -752 0
w -624 -752 736 -752 0
w 736 -752 736 64 0
r 928 64 736 64 0 10000
w 1376 304 816 304 0
w 816 304 816 192 0
w 816 192 656 192 0
w 448 656 1472 656 0
162 1744 -32 1744 656 2 1N4004 1 0 0 0.01
r 1744 -32 1744 -192 0 2000
w 1584 -192 1744 -192 0
w 0 432 0 768 0
w 1568 288 1568 768 0
162 1680 432 1680 656 2 1N4004 1 0 0 0.01
w 1568 288 1680 288 0
w 1744 656 1680 656 0
r 1680 432 1680 288 0 2000
w 656 -128 1232 -128 0
w 1232 -128 1232 -208 0
w 1232 -208 1376 -208 0
r 64 32 64 -80 0 1000000
w 160 -80 64 -80 0
w 64 -80 64 -720 0
w 64 -720 1584 -720 0
w 1584 -720 1584 -192 0
v -176 656 -176 32 0 0 40 0 0 0 0.5
r 176 768 1568 768 0 1200
d 448 32 448 352 2 fwdrop\q0.92-4
w 1680 656 1472 656 0
r 448 -288 448 -592 0 100000
r 448 656 448 352 0 100000
w 208 -592 448 -592 0
w 64 32 -176 32 0
w 0 432 112 432 0
w 112 656 -176 656 0
w 160 656 112 656 0
w -272 -592 -176 -592 0
w 208 32 448 32 0
w 448 32 656 32 0
w 1376 -176 1376 48 0
w 1376 272 1376 48 0
w 1184 48 1376 48 0
w 208 448 208 656 0
w 208 656 160 656 0
w 208 656 448 656 0
g -176 656 -176 784 0 0
w 0 768 176 768 0
a 1376 -192 1584 -192 8 15 0 1000000 0.0007299802555225043 15.0005999925 100000
a 928 48 1184 48 8 15 0 1000000 0 6.00000000000378 100000
a 1376 288 1568 288 8 15 0 1000000 15.0005999925 0 100000
o 0 4 0 4291 0.0000762939453125 0.00009765625 0 2 0 3
